vote_event_id	is_eu
8783	0
8830	0
9058	0
9925	0
9926	0
10327	0
10450	0
10627	0
10912	0
10913	0
11414	0
11416	0
11417	0
11610	0
11613	0
11614	0
11956	0
12032	0
12432	0
12644	0
12677	0
12678	0
12679	0
12680	0
12681	0
12682	0
12683	0
12684	0
12691	0
12814	0
12817	0
12821	0
12848	0
12865	0
12956	0
13080	0
13184	0
13187	0
13281	0
13295	0
13312	0
13374	0
13412	0
13454	0
13627	0
13705	0
13711	0
13716	0
13717	0
13873	0
13875	0
13954	0
14104	0
14291	0
14388	0
14425	0
14434	0
14573	0
14595	0
14597	0
14598	0
14726	0
14794	0
14796	0
14806	0
14807	0
14812	0
14816	0
14823	0
14824	0
14846	0
14853	0
14912	0
14915	0
14916	0
14918	0
14922	0
14938	0
14966	0
14970	0
14971	0
14972	0
14973	0
14974	0
14975	0
14976	0
14977	0
15016	0
15046	0
15114	0
15192	0
15200	0
15204	0
15210	0
15226	0
15254	0
15368	0
15385	0
15493	0
15499	0
15500	0
15525	0
15546	0
15566	0
15649	0
15711	0
15738	0
15767	0
15890	0
15922	0
15924	0
15926	0
15929	0
16003	0
16009	0
16018	0
16024	0
16114	0
16165	0
16188	0
16237	0
16284	0
16349	0
16350	0
16351	0
16353	0
16355	0
16356	0
16363	0
16375	0
16483	0
16505	0
16530	0
16552	0
16590	0
16650	0
16665	0
16792	0
16827	0
16862	0
16897	0
16899	0
16900	0
16901	0
16904	0
16987	0
17035	0
17079	0
17108	0
17174	0
17216	0
17231	0
17530	0
17680	0
17733	0
17822	0
17854	0
17855	0
17856	0
17858	0
17860	0
17861	0
17862	0
17864	0
17874	0
17881	0
17975	0
17980	0
18002	0
18005	0
18012	0
18027	0
18029	0
18067	0
18082	0
18088	0
18135	0
18138	0
18171	0
18186	0
18199	0
18267	0
18426	0
18466	0
18468	0
18470	0
18471	0
18475	0
18485	0
18496	0
18501	0
18515	0
18523	0
18525	0
18534	0
18545	0
18553	0
18574	0
18578	0
18580	0
18598	0
18603	0
18618	0
18650	0
18660	0
18662	0
18664	0
18688	0
18695	0
18716	0
18720	0
18724	0
18748	0
18752	0
18763	0
18782	0
18785	0
18836	0
18856	0
18872	0
18874	0
18883	0
18905	0
18913	0
18932	0
18943	0
18992	0
19037	0
19038	0
19039	0
19040	0
19041	0
19042	0
19057	0
19058	0
19087	0
19120	0
19123	0
19125	0
19202	0
19225	0
19237	0
19242	0
19261	0
19271	0
19299	0
19303	0
19313	0
19342	0
19359	0
19361	0
19363	0
19374	0
19415	0
19489	0
19493	0
19502	0
19608	0
19632	0
19703	0
19705	0
19707	0
19708	0
19709	0
19710	0
19729	0
19751	0
19808	0
19809	0
19811	0
19814	0
19816	0
19817	0
19818	0
19820	0
19821	0
19822	0
19826	0
19829	0
19840	0
19846	0
19849	0
19851	0
19868	0
19886	0
19919	0
19927	0
19929	0
19932	0
19944	0
19977	0
19989	0
19997	0
20000	0
20059	0
20071	0
20075	0
20080	0
20116	0
20117	0
20118	0
20119	0
20125	0
20503	0
20509	0
20528	0
20532	0
23596	0
23597	0
23598	0
23600	0
23602	0
23604	0
23605	0
23607	0
23675	0
23686	0
23710	0
23929	0
23930	0
23944	0
23993	0
24036	0
24039	0
24057	0
24063	0
24081	0
24112	0
24113	0
24276	0
24313	0
24329	0
24332	0
24341	0
24352	0
24363	0
24411	0
24417	0
24423	0
24433	0
24448	0
24458	0
24476	0
24483	0
24502	0
24535	0
24580	0
24624	0
24643	0
24646	0
24670	0
24678	0
24679	0
24689	0
24707	0
24723	0
24738	0
24745	0
24754	0
24760	0
24830	0
24869	0
24870	0
24874	0
24878	0
24881	0
24924	0
25031	0
25040	0
25103	0
25104	0
25129	0
25135	0
25154	0
25157	0
25162	0
25200	0
25202	0
25203	0
25204	0
25208	0
25248	0
25366	0
25367	0
25379	0
25381	0
25393	0
25419	0
25432	0
25440	0
25519	0
25530	0
25533	0
25584	0
25645	0
25646	0
25655	0
25668	0
25703	0
25709	0
25720	0
25755	0
25756	0
25758	0
25760	0
25765	0
25794	0
25855	0
25870	0
25874	0
25918	0
25920	0
25922	0
25923	0
25925	0
25926	0
25943	0
25977	0
25983	0
26006	0
26007	0
26010	0
26015	0
26026	0
26028	0
26033	0
26035	0
26053	0
26068	0
26146	0
26148	0
26149	0
26168	0
26177	0
26192	0
26195	0
26274	0
26340	0
26344	0
26351	0
26378	0
26420	0
26424	0
26427	0
26477	0
26488	0
26495	0
26500	0
26503	0
26539	0
26549	0
26554	0
26574	0
26580	0
26583	0
26584	0
26613	0
26624	0
26625	0
26631	0
26650	0
26663	0
26666	0
26678	0
26680	0
26687	0
26715	0
26722	0
26746	0
26761	0
26767	0
26776	0
26831	0
26838	0
26844	0
26850	0
27039	0
27049	0
27116	0
27128	0
27134	0
27163	0
27164	0
27165	0
27166	0
27168	0
27169	0
27201	0
27204	0
27213	0
27221	0
27229	0
27233	0
27235	0
27250	0
27255	0
27263	0
27264	0
27266	0
27292	0
27352	0
27367	0
27375	0
27393	0
27398	0
27399	0
27405	0
27410	0
27420	0
27421	0
27422	0
27424	0
27429	0
27432	0
27462	0
27486	0
27663	0
27666	0
27668	0
27672	0
27674	0
27675	0
27676	0
27681	0
27730	0
27794	0
27796	0
27797	0
27801	0
27808	0
27816	0
27822	0
27857	0
27859	0
27864	0
27865	0
27866	0
27867	0
27881	0
27884	0
27886	0
27887	0
27893	0
27898	0
27899	0
27926	0
27930	0
27932	0
27939	0
27948	0
27957	0
27960	0
27981	0
27996	0
27997	0
28000	0
28018	0
28049	0
28058	0
28063	0
28077	0
28123	0
28132	0
28135	0
28153	0
28158	0
28160	0
28161	0
28169	0
28173	0
28175	0
28185	0
28190	0
28192	0
28202	0
28205	0
28207	0
28209	0
28211	0
28220	0
28247	0
28251	0
28268	0
28274	0
28275	0
28282	0
28305	0
28336	0
28343	0
28355	0
28406	0
28433	0
28442	0
28443	0
28444	0
28449	0
28450	0
28451	0
28459	0
28464	0
28472	0
28475	0
28479	0
28485	0
28486	0
28508	0
28524	0
28526	0
28607	0
28616	0
28620	0
28623	0
28629	0
28642	0
28644	0
28648	0
28650	0
28656	0
28659	0
28684	0
28689	0
28695	0
28697	0
28698	0
28704	0
28709	0
28758	0
28844	0
28858	0
28867	0
28882	0
28906	0
28914	0
28924	0
28928	0
28940	0
28947	0
29013	0
29061	0
29064	0
29071	0
29073	0
29091	0
29129	0
29237	0
29240	0
29243	0
29254	0
29256	0
29258	0
29260	0
29261	0
29262	0
29263	0
29264	0
29265	0
29276	0
29331	0
29335	0
29336	0
29339	0
29346	0
29354	0
29363	0
29369	0
29375	0
29397	0
29401	0
29404	0
29416	0
29423	0
29430	0
29439	0
29447	0
29478	0
29480	0
29486	0
29489	0
29503	0
29508	0
29516	0
29519	0
29522	0
29525	0
29527	0
29530	0
29574	0
29578	0
29585	0
29587	0
29592	0
29599	0
29605	0
29607	0
29608	0
29609	0
29610	0
29611	0
29621	0
29623	0
29624	0
29626	0
29629	0
29631	0
29643	0
29645	0
29646	0
29647	0
29649	0
29650	0
29652	0
29653	0
29655	0
29656	0
29657	0
29659	0
29662	0
29663	0
29855	0
29861	0
29863	0
29878	0
29888	0
29894	0
29919	0
29923	0
29926	0
29927	0
29952	0
30003	0
30008	0
30094	0
30109	0
30135	0
30145	0
30150	0
30157	0
30161	0
30178	0
30205	0
30233	0
30247	0
30254	0
30256	0
30309	0
30321	0
30353	0
30356	0
30361	0
30429	0
30694	0
30705	0
30714	0
30726	0
30729	0
30730	0
30736	0
30761	0
30781	0
30864	0
30866	0
30868	0
30876	0
30885	0
30961	0
31019	0
31057	0
31063	0
31071	0
31077	0
31079	0
31080	0
31183	0
31200	0
31223	0
31229	0
31232	0
31261	0
31262	0
31269	0
31285	0
31307	0
31312	0
31314	0
31322	0
31369	0
31371	0
31433	0
31481	0
31608	0
31625	0
31648	0
31650	0
31667	0
31668	0
31669	0
31677	0
31733	0
31781	0
31799	0
31801	0
31836	0
31890	0
31892	0
32030	0
32051	0
32052	0
32087	0
32091	0
32106	0
32107	0
32108	0
32118	0
32126	0
32228	0
32230	0
32234	0
32245	0
32336	0
32343	0
32344	0
32415	0
32420	0
32430	0
32433	0
32468	0
32481	0
32567	0
32570	0
32573	0
32574	0
32635	0
32647	0
32723	0
32734	0
32749	0
32762	0
32767	0
32770	0
32778	0
32781	0
32782	0
32826	0
32853	0
32872	0
32875	0
32878	0
32898	0
32922	0
32926	0
32984	0
32995	0
32998	0
33001	0
33004	0
33230	0
33239	0
33280	0
33366	0
33373	0
33391	0
33398	0
33510	0
33514	0
33521	0
33522	0
33546	0
33643	0
33672	0
33678	0
33739	0
33750	0
34128	0
34129	0
34130	0
34166	0
34169	0
34201	0
34204	0
34231	0
34241	0
34245	0
34262	0
34332	0
34383	0
34387	0
34460	0
34477	0
34507	0
34509	0
34515	0
34522	0
34562	0
34569	0
34627	0
34631	0
34633	0
34635	0
34647	0
34660	0
34742	0
34755	0
34758	0
34944	0
34956	0
34957	0
34980	0
34991	0
35001	0
35029	0
35128	0
35132	0
35139	0
35143	0
35145	0
35148	0
35167	0
35190	0
35203	0
35253	0
35259	0
35263	0
35271	0
35273	0
35274	0
35354	0
35356	0
35361	0
35375	0
35380	0
35382	0
35385	0
35389	0
35407	0
35427	0
35523	0
35629	0
35667	0
35702	0
35704	0
35705	0
35771	0
35776	0
35788	0
35806	0
35810	0
35812	0
35816	0
35858	0
35865	0
35877	0
35886	0
35897	0
35923	0
35929	0
35964	0
35965	0
35968	0
36006	0
36023	0
36052	0
36100	0
36103	0
36105	0
36111	0
36155	0
36157	0
36161	0
36166	0
36170	0
36177	0
36186	0
36203	0
36205	0
36244	0
36261	0
36264	0
36266	0
36272	0
36281	0
36366	0
36386	0
36474	0
36503	0
36504	0
36507	0
36509	0
36511	0
36513	0
36515	0
36521	0
36537	0
36538	0
36540	0
36543	0
36593	0
36597	0
36603	0
36670	0
37045	0
37060	0
37062	0
37064	0
37070	0
37073	0
37089	0
37132	0
37158	0
37166	0
37268	0
37269	0
37277	0
37322	0
37324	0
37336	0
37346	0
37396	0
37397	0
37406	0
37416	0
37418	0
37435	0
37445	0
37448	0
37451	0
37452	0
37456	0
37459	0
37463	0
37482	0
37819	0
37834	0
37840	0
37845	0
37992	0
37994	0
38006	0
38007	0
38008	0
38045	0
38047	0
38056	0
38057	0
38060	0
38097	0
38173	0
38181	0
38197	0
38209	0
38211	0
38217	0
38255	0
38258	0
38260	0
38264	0
38267	0
38275	0
38293	0
38296	0
38326	0
38395	0
38453	0
38459	0
38543	0
38548	0
38571	0
38589	0
38590	0
38638	0
38644	0
38645	0
38658	0
38685	0
38693	0
38703	0
38726	0
38734	0
38742	0
38756	0
38757	0
38792	0
38795	0
38799	0
38801	0
38803	0
38805	0
38806	0
38807	0
38808	0
38810	0
38811	0
38843	0
38853	0
38871	0
38878	0
38893	0
38899	0
38905	0
38911	0
38913	0
38914	0
38916	0
38919	0
38920	0
38926	0
38928	0
38931	0
38932	0
38949	0
38959	0
39041	0
39047	0
39064	0
39080	0
39081	0
39082	0
39083	0
39130	0
39131	0
39132	0
39142	0
39153	0
39176	0
39324	0
39346	0
39360	0
39364	0
39395	0
39413	0
39435	0
39436	0
39450	0
39453	0
39522	0
39542	0
39571	0
39577	0
39609	0
39614	0
39623	0
39631	0
39660	0
39681	0
39708	0
39720	0
39723	0
39728	0
39751	0
39775	0
39776	0
39819	0
39864	0
39870	0
39872	0
39874	0
39877	0
39881	0
39882	0
39884	0
39885	0
39886	0
39888	0
39890	0
39891	0
39893	0
39896	0
39898	0
39956	0
39958	0
39959	0
39964	0
39992	0
40040	0
40064	0
40085	0
40111	0
40118	0
40124	0
40156	0
40179	0
40230	0
40248	0
40253	0
40255	0
40258	0
40323	0
40332	0
40338	0
40349	0
40371	0
40383	0
40391	0
40423	0
40434	0
40456	0
40459	0
40495	0
40617	0
40625	0
40627	0
40636	0
40637	0
40640	0
40650	0
40658	0
40659	0
40663	0
40666	0
40676	0
40678	0
40725	0
40783	0
41178	0
41298	0
41300	0
41308	0
41315	0
41429	0
41472	0
41495	0
41519	0
41533	0
41549	0
41551	0
41576	0
41593	0
41595	0
41597	0
41684	0
41705	0
41721	0
41742	0
41743	0
41750	0
41834	0
41865	0
41947	0
41968	0
42036	0
42042	0
42049	0
42131	0
42195	0
42196	0
42234	0
42284	0
42309	0
42313	0
42316	0
42327	0
42336	0
42338	0
42363	0
42394	0
42400	0
42405	0
42406	0
42430	0
42432	0
42433	0
42646	0
42694	0
42728	0
42763	0
42771	0
42773	0
42780	0
42788	0
42844	0
42858	0
42953	0
42992	0
42994	0
43002	0
43003	0
43004	0
43006	0
43009	0
43011	0
43024	0
43027	0
43029	0
43061	0
43064	0
43070	0
43089	0
43090	0
43092	0
43094	0
43097	0
43099	0
43101	0
43102	0
43104	0
43108	0
43109	0
43110	0
43112	0
43114	0
43115	0
43116	0
43119	0
43124	0
43125	0
43152	0
43163	0
43199	0
43223	0
43238	0
43263	0
43270	0
43279	0
43284	0
43286	0
43290	0
43298	0
43306	0
43332	0
43343	0
43344	0
43345	0
43346	0
43350	0
43352	0
43379	0
43432	0
43441	0
43484	0
43487	0
43493	0
43495	0
43497	0
43548	0
43549	0
43568	0
43569	0
43570	0
43575	0
43576	0
43577	0
43582	0
43585	0
43586	0
43598	0
43600	0
43619	0
43620	0
43644	0
43648	0
43653	0
43672	0
43674	0
43676	0
43685	0
43697	0
43715	0
43722	0
43965	0
43981	0
43983	0
43995	0
44022	0
44095	0
44106	0
44155	0
44162	0
44163	0
44165	0
44168	0
44198	0
44211	0
44247	0
44264	0
44281	0
44319	0
44330	0
44332	0
44790	0
44798	0
44801	0
44883	0
44884	0
44885	0
44901	0
44903	0
44914	0
44915	0
44932	0
45019	0
45029	0
45033	0
45082	0
45086	0
45101	0
45102	0
45150	0
45155	0
45166	0
45173	0
45191	0
45192	0
45225	0
45233	0
45319	0
45329	0
45353	0
45355	0
45363	0
45367	0
45372	0
45377	0
45380	0
45448	0
45475	0
45507	0
45509	0
45519	0
45521	0
45585	0
45587	0
45593	0
45596	0
45608	0
45638	0
45664	0
45669	0
45671	0
45683	0
45694	0
45695	0
45696	0
45700	0
45727	0
45856	0
45860	0
45869	0
45898	0
45900	0
45904	0
45908	0
45909	0
45914	0
45918	0
45927	0
45928	0
45978	0
46117	0
46119	0
46120	0
46207	0
46210	0
46216	0
46241	0
46452	0
46454	0
46455	0
46461	0
46464	0
46466	0
46535	0
46536	0
46537	0
46554	0
46557	0
46561	0
46607	0
46639	0
46659	0
46668	0
46687	0
46691	0
46708	0
46709	0
46712	0
46746	0
46750	0
46753	0
46762	0
46763	0
46767	0
46769	0
46772	0
46819	0
46872	0
46883	0
46893	0
46894	0
46897	0
46901	0
46924	0
46932	0
46979	0
47006	0
47007	0
47014	0
47052	0
47127	0
47132	0
47151	0
47155	0
47168	0
47193	0
47194	0
47230	0
47267	0
47271	0
47307	0
47311	0
47312	0
47314	0
47325	0
47426	0
47439	0
47520	0
47529	0
47546	0
47561	0
47563	0
47566	0
47569	0
47570	0
47583	0
47588	0
47592	0
47619	0
47641	0
47651	0
47654	0
47725	0
47778	0
47786	0
47792	0
47793	0
47797	0
47799	0
47820	0
47843	0
47844	0
47846	0
47902	0
47907	0
47917	0
47918	0
47919	0
47921	0
47965	0
48060	0
48073	0
48123	0
48137	0
48141	0
48144	0
48154	0
48156	0
48164	0
48184	0
48525	0
48531	0
48578	0
48710	0
48814	0
48895	0
48897	0
48915	0
48952	0
48978	0
48984	0
48997	0
49041	0
49065	0
49069	0
49156	0
49177	0
49257	0
49276	0
49280	0
49283	0
49331	0
49500	0
49589	0
49596	0
49653	0
49667	0
49683	0
49696	0
49701	0
49717	0
49735	0
49744	0
49747	0
49765	0
49775	0
49788	0
49791	0
49796	0
49899	0
49920	0
49933	0
49942	0
49945	0
49959	0
49962	0
49965	0
49970	0
49972	0
49975	0
49983	0
49985	0
50012	0
50078	0
50105	0
50160	0
50174	0
50207	0
50215	0
50221	0
50265	0
50295	0
50303	0
50309	0
50319	0
50388	0
50415	0
50419	0
50422	0
50423	0
50424	0
50427	0
50438	0
50445	0
50447	0
50449	0
50451	0
50472	0
50506	0
50508	0
50509	0
50512	0
50515	0
50517	0
50521	0
50523	0
50662	0
50666	0
50668	0
50670	0
50672	0
50697	0
50698	0
50713	0
50731	0
50740	0
50741	0
50744	0
50836	0
50869	0
50884	0
50890	0
50891	0
50892	0
50898	0
50985	0
51027	0
51029	0
51033	0
51551	0
51571	0
51627	0
51629	0
51647	0
51659	0
51661	0
51696	0
51697	0
51752	0
51811	0
51812	0
51814	0
51818	0
51860	0
51862	0
51906	0
51913	0
51946	0
51968	0
51975	0
52046	0
52062	0
52067	0
52077	0
52083	0
52105	0
52113	0
52115	0
52150	0
52151	0
52155	0
52182	0
52185	0
52188	0
52190	0
52224	0
52230	0
52235	0
52283	0
52320	0
52325	0
52326	0
52334	0
52343	0
52348	0
52357	0
52360	0
52506	0
52515	0
52608	0
52627	0
52654	0
52683	0
52733	0
52743	0
52749	0
52751	0
52769	0
52781	0
52798	0
52808	0
52838	0
52911	0
52918	0
52919	0
52932	0
52934	0
52936	0
52937	0
52940	0
53039	0
53049	0
53115	0
53117	0
53119	0
53121	0
53142	0
53148	0
53172	0
53182	0
53251	0
53284	0
53296	0
53314	0
53315	0
53316	0
53317	0
53321	0
53322	0
53323	0
53351	0
53354	0
53379	0
53387	0
53390	0
53396	0
53423	0
53533	0
53553	0
53556	0
53558	0
53666	0
53684	0
53693	0
53707	0
53729	0
53788	0
53805	0
53844	0
53935	0
53937	0
53938	0
53940	0
53943	0
53946	0
53969	0
54000	0
54015	0
54079	0
54082	0
54088	0
54142	0
54150	0
54159	0
54166	0
54168	0
54169	0
54171	0
54172	0
54175	0
54213	0
54230	0
54250	0
54272	0
54306	0
54316	0
54321	0
54452	0
54457	0
54459	0
54460	0
54478	0
54498	0
54504	0
54513	0
54516	0
54528	0
54529	0
54573	0
54574	0
54575	0
54576	0
54583	0
54821	0
54849	0
54899	0
54901	0
54904	0
54905	0
54906	0
54910	0
54911	0
54985	0
55029	0
55033	0
55037	0
55044	0
55096	0
55101	0
55106	0
55142	0
55144	0
55146	0
55155	0
55156	0
55157	0
55209	0
55249	0
55266	0
55344	0
55349	0
55359	0
55370	0
55371	0
55374	0
55377	0
55379	0
55383	0
55390	0
55392	0
55394	0
55395	0
55426	0
55430	0
55436	0
55505	0
55510	0
55511	0
55512	0
55514	0
55519	0
55547	0
55557	0
55560	0
55564	0
55567	0
55570	0
55597	0
55650	0
55651	0
55661	0
55672	0
55675	0
55696	0
55716	0
55731	0
55734	0
55754	0
55761	0
55762	0
55764	0
55766	0
55768	0
55773	0
55785	0
55814	0
55819	0
55854	0
55881	0
55907	0
55908	0
55912	0
55913	0
55916	0
55917	0
56001	0
56004	0
56008	0
56016	0
56200	0
56379	0
56472	0
56473	0
56514	0
56533	0
56535	0
56539	0
56581	0
56582	0
56612	0
56619	0
56640	0
56643	0
56691	0
56793	0
56794	0
56877	0
56922	0
56986	0
57017	0
57039	0
57099	0
57105	0
57127	0
57130	0
57131	0
57133	0
57161	0
57162	0
57165	0
57328	0
57329	0
57352	0
57355	0
57358	0
57368	0
57413	0
57448	0
57455	0
57459	0
57460	0
57466	0
57497	0
57500	0
57502	0
57504	0
57516	0
57572	0
57607	0
57625	0
57641	0
57674	0
57690	0
57691	0
57695	0
57703	0
57708	0
57709	0
57754	0
57781	0
57819	0
57834	0
57837	0
57857	0
57859	0
57864	0
57866	0
57869	0
57873	0
57879	0
57887	0
57888	0
57920	0
57947	0
57949	0
57951	0
58003	0
58007	0
58075	0
58082	0
58084	0
58090	0
58098	0
58121	0
58125	0
58129	0
58144	0
58173	0
58180	0
58182	0
58204	0
58205	0
58219	0
58221	0
58239	0
58241	0
58244	0
58288	0
58392	0
58531	0
58618	0
58634	0
58635	0
58640	0
58646	0
58647	0
58648	0
58650	0
58664	0
58665	0
58695	0
58697	0
58702	0
58748	0
58755	0
58758	0
58818	0
58833	0
58848	0
58858	0
58860	0
58868	0
58869	0
58922	0
58946	0
59042	0
59043	0
59046	0
59048	0
59065	0
59189	0
59191	0
59207	0
59235	0
59239	0
59260	0
59266	0
59277	0
59307	0
59310	0
59376	0
59421	0
59422	0
59475	0
59621	0
59623	0
59691	0
59710	0
59740	0
59752	0
59761	0
59766	0
59768	0
59784	0
59787	0
59801	0
59805	0
59807	0
59859	0
59885	0
59928	0
59955	0
60020	0
60038	0
60089	0
60096	0
60102	0
60106	0
60108	0
60111	0
60113	0
60115	0
60116	0
60151	0
60253	0
60267	0
60310	0
60312	0
60321	0
60800	0
29994	1
30160	1
30214	1
30243	1
30313	1
30695	1
30713	1
30723	1
30880	1
30922	1
30936	1
30944	1
30948	1
30957	1
30965	1
30967	1
31185	1
31305	1
31353	1
31418	1
31435	1
31436	1
31731	1
31804	1
31839	1
31845	1
31885	1
31894	1
31969	1
32019	1
32040	1
32050	1
32092	1
32249	1
32318	1
32327	1
32333	1
32448	1
32553	1
32555	1
32566	1
32571	1
32576	1
32577	1
32627	1
32628	1
32683	1
32707	1
32727	1
32856	1
32893	1
32911	1
32968	1
33000	1
33060	1
33067	1
33075	1
33088	1
33124	1
33203	1
33207	1
33330	1
33339	1
33341	1
33406	1
33427	1
33509	1
33526	1
33574	1
33621	1
33636	1
33637	1
33654	1
33657	1
33664	1
33667	1
33733	1
34259	1
34269	1
34282	1
34290	1
34296	1
34315	1
34316	1
34321	1
34339	1
34418	1
34468	1
34473	1
34474	1
34476	1
34516	1
34518	1
34524	1
34533	1
34535	1
34632	1
34634	1
34652	1
34664	1
34788	1
34807	1
34816	1
34920	1
34978	1
35017	1
35019	1
35022	1
35093	1
35104	1
35108	1
35110	1
35113	1
35116	1
35119	1
35126	1
35200	1
35211	1
35291	1
35295	1
35304	1
35321	1
35330	1
35342	1
35377	1
35378	1
35446	1
35479	1
35588	1
35609	1
35677	1
35680	1
35682	1
35730	1
35731	1
35763	1
35765	1
35768	1
35849	1
35850	1
35856	1
35994	1
36095	1
36101	1
36106	1
36107	1
36110	1
36185	1
36209	1
36224	1
36236	1
36351	1
36387	1
36469	1
36490	1
36492	1
36506	1
36514	1
36518	1
36522	1
36523	1
36608	1
36610	1
36612	1
36614	1
36633	1
36954	1
37018	1
37047	1
37065	1
37145	1
37165	1
37167	1
37173	1
37178	1
37241	1
37262	1
37353	1
37361	1
37443	1
37467	1
37513	1
37828	1
37833	1
37885	1
37985	1
38010	1
38011	1
38253	1
38438	1
38455	1
38456	1
38458	1
38530	1
38632	1
38793	1
38804	1
38865	1
38868	1
38892	1
39305	1
39315	1
39332	1
39335	1
39407	1
39773	1
39876	1
39878	1
39894	1
39899	1
39901	1
39953	1
39990	1
39993	1
40095	1
40097	1
40103	1
40130	1
40135	1
40141	1
40162	1
40239	1
40243	1
40329	1
40416	1
40559	1
40692	1
40772	1
40794	1
41209	1
41241	1
41258	1
41280	1
41286	1
41290	1
41292	1
41428	1
41752	1
41826	1
41853	1
41923	1
41929	1
42144	1
42249	1
42253	1
42256	1
42258	1
42273	1
42281	1
42283	1
42395	1
42398	1
42402	1
42408	1
42409	1
42413	1
42414	1
42416	1
42491	1
42498	1
42643	1
42658	1
42669	1
42701	1
42739	1
42818	1
42829	1
42843	1
42863	1
43093	1
43106	1
43107	1
43117	1
43120	1
43121	1
43122	1
43165	1
43169	1
43175	1
43185	1
43190	1
43193	1
43221	1
43271	1
43272	1
43378	1
43483	1
43489	1
43547	1
43571	1
43589	1
43591	1
43599	1
43601	1
43602	1
43603	1
43605	1
43606	1
43617	1
43631	1
43640	1
44138	1
44906	1
44962	1
45002	1
45151	1
45204	1
45247	1
45249	1
45251	1
45253	1
45268	1
45271	1
45504	1
45673	1
45733	1
45834	1
45836	1
45839	1
45851	1
45852	1
46063	1
46088	1
46106	1
46126	1
46180	1
46422	1
46430	1
46436	1
46448	1
46450	1
46460	1
46469	1
46472	1
46474	1
46492	1
46538	1
46620	1
46641	1
46643	1
46646	1
46648	1
46651	1
46658	1
46718	1
46738	1
46777	1
46879	1
46892	1
46923	1
46964	1
47126	1
47128	1
47145	1
47282	1
47290	1
47297	1
47300	1
47303	1
47322	1
47514	1
47649	1
47662	1
47665	1
47668	1
47675	1
47678	1
47841	1
48116	1
48120	1
48140	1
48173	1
48180	1
48223	1
48235	1
48520	1
48528	1
48559	1
48903	1
48906	1
48976	1
48991	1
49006	1
49020	1
49058	1
49066	1
49271	1
49274	1
49360	1
49362	1
49494	1
49568	1
49663	1
49673	1
49676	1
49702	1
49725	1
49739	1
49978	1
50057	1
50059	1
50070	1
50076	1
50127	1
50154	1
50201	1
50202	1
50217	1
50271	1
50279	1
50287	1
50289	1
50299	1
50301	1
50330	1
50425	1
50455	1
50457	1
50469	1
50478	1
50510	1
50525	1
50661	1
50686	1
50895	1
50903	1
50972	1
50974	1
51024	1
51623	1
51646	1
51734	1
51851	1
51854	1
51856	1
51858	1
51976	1
51978	1
51990	1
52041	1
52051	1
52065	1
52079	1
52119	1
52147	1
52186	1
52211	1
52217	1
52319	1
52328	1
52329	1
52486	1
52512	1
52728	1
52736	1
52737	1
52741	1
52900	1
52901	1
53047	1
53094	1
53113	1
53151	1
53184	1
53385	1
53554	1
53636	1
53646	1
53652	1
53848	1
53857	1
53931	1
53941	1
53947	1
53966	1
53971	1
53979	1
54086	1
54157	1
54167	1
54174	1
54176	1
54181	1
54187	1
54209	1
54225	1
54261	1
54278	1
54288	1
54294	1
54449	1
54458	1
54464	1
54472	1
54475	1
54491	1
54506	1
54526	1
54534	1
54907	1
54908	1
54909	1
54912	1
54913	1
54914	1
54915	1
54938	1
54941	1
54977	1
54980	1
54994	1
55089	1
55104	1
55141	1
55147	1
55149	1
55151	1
55301	1
55357	1
55358	1
55360	1
55362	1
55364	1
55366	1
55382	1
55393	1
55396	1
55424	1
55515	1
55516	1
55520	1
55533	1
55545	1
55551	1
55616	1
55625	1
55749	1
55756	1
55778	1
55815	1
55816	1
55818	1
55855	1
55859	1
55873	1
55875	1
55888	1
55891	1
55901	1
56146	1
56231	1
56382	1
56399	1
56400	1
56459	1
56578	1
56596	1
56604	1
56647	1
56792	1
56797	1
56798	1
56955	1
56962	1
57094	1
57146	1
57155	1
57167	1
57170	1
57325	1
57384	1
57386	1
57390	1
57392	1
57482	1
57505	1
57511	1
57645	1
57647	1
57649	1
57653	1
57711	1
57749	1
57838	1
57848	1
57850	1
57851	1
57853	1
57856	1
57877	1
58005	1
58078	1
58094	1
58115	1
58117	1
58118	1
58122	1
58167	1
58194	1
58199	1
58215	1
58227	1
58281	1
58586	1
58677	1
58685	1
58689	1
58700	1
58835	1
58866	1
59000	1
59025	1
59034	1
59036	1
59039	1
59124	1
59281	1
59282	1
59292	1
59301	1
59303	1
59312	1
59377	1
59389	1
59412	1
59479	1
59481	1
59564	1
59619	1
59624	1
59651	1
59653	1
59664	1
59665	1
59669	1
59671	1
59698	1
59759	1
59773	1
59775	1
59789	1
59792	1
60025	1
60033	1
60112	1
60149	1
60152	1
60153	1
60156	1
60295	1
60320	1
