id_poslanec	voter_id	group_id	term
627	16	153	4
628	5252	153	4
629	386	153	4
630	419	153	4
631	357	155	4
632	335	155	4
633	263	155	4
634	378	155	4
635	421	155	4
636	429	155	4
637	31	154	4
638	100	595	4
639	417	595	4
640	349	153	4
641	39	153	4
642	454	153	4
643	422	153	4
644	353	155	4
645	360	155	4
646	5213	155	4
647	67	155	4
648	244	155	4
649	164	155	4
650	280	155	4
651	36	154	4
652	311	154	4
653	54	595	4
654	403	595	4
655	340	595	4
656	225	153	4
657	241	153	4
658	196	153	4
659	347	155	4
660	356	155	4
661	430	155	4
662	285	155	4
663	303	154	4
664	377	595	4
665	302	595	4
666	210	153	4
667	211	153	4
668	348	155	4
669	269	155	4
670	310	154	4
671	392	595	4
672	247	153	4
673	366	154	4
674	344	153	4
675	215	153	4
676	220	153	4
677	226	153	4
678	405	155	4
679	282	155	4
680	19	154	4
681	306	154	4
682	379	154	4
683	389	595	4
684	77	153	4
685	374	155	4
686	206	154	4
687	122	153	4
688	4737	153	4
689	236	153	4
690	261	155	4
691	5253	155	4
692	407	155	4
693	416	595	4
694	396	153	4
695	246	153	4
696	110	155	4
697	400	155	4
698	406	155	4
699	99	154	4
700	398	595	4
701	193	595	4
702	234	153	4
703	5217	153	4
704	401	155	4
705	270	155	4
706	309	154	4
707	63	595	4
708	64	595	4
709	382	153	4
710	235	153	4
711	237	153	4
712	239	153	4
713	249	153	4
714	345	155	4
715	275	155	4
716	415	155	4
717	423	155	4
718	305	154	4
719	312	154	4
720	295	595	4
721	333	595	4
722	420	595	4
723	209	153	4
724	367	153	4
725	219	153	4
726	250	153	4
727	358	155	4
728	266	155	4
729	425	154	4
730	390	595	4
731	243	153	4
732	111	155	4
733	273	155	4
734	431	155	4
735	301	595	4
736	5120	153	4
737	227	153	4
738	124	153	4
739	248	153	4
740	252	153	4
741	371	155	4
742	372	155	4
743	383	155	4
744	437	155	4
745	277	155	4
746	304	154	4
747	136	154	4
748	317	154	4
749	297	595	4
750	450	153	4
751	5254	153	4
752	5255	153	4
753	5256	155	4
754	5257	155	4
755	5258	155	4
756	5259	155	4
757	5260	154	4
758	5261	154	4
759	5263	153	4
760	5264	153	4
761	5265	153	4
762	5266	153	4
763	5267	154	4
764	4778	154	4
765	5268	154	4
766	5269	153	4
767	5270	154	4
768	5271	153	4
769	5272	153	4
770	5273	155	4
771	5274	154	4
772	5275	154	4
773	5276	153	4
774	5277	155	4
775	5278	155	4
776	5279	153	4
777	5280	155	4
778	5281	155	4
779	5282	154	4
780	5283	153	4
781	5284	153	4
782	5285	155	4
783	5286	155	4
784	5288	153	4
785	5289	154	4
786	5290	154	4
787	5291	595	4
788	5292	153	4
789	5293	154	4
790	354	153	4
791	5294	153	4
792	5295	154	4
793	5296	154	4
794	5297	153	4
795	5298	153	4
796	5299	153	4
797	5300	155	4
798	5301	155	4
799	5302	154	4
800	5303	154	4
801	5304	154	4
802	5305	595	4
803	5306	155	4
804	5307	154	4
805	5308	154	4
806	5309	595	4
807	230	153	4
808	5310	153	4
809	5311	153	4
810	5312	154	4
811	5313	154	4
812	5314	595	4
813	5315	595	4
814	5316	153	4
815	5317	153	4
816	5318	153	4
817	5319	153	4
818	5320	153	4
819	5321	154	4
820	5322	154	4
821	5323	595	4
822	5324	595	4
823	5325	595	4
824	5224	595	4
825	5262	595	4
826	5287	595	4
827	5328	154	4
828	412	155	4
829	5342	153	4
830	143	595	4
831	5357	595	4
832	218	153	4
833	5365	595	4
834	5375	155	4
835	381	156	4
836	5376	155	4
837	4	155	4
838	5377	155	4
839	5378	155	4
840	5379	155	4
841	426	153	4
842	5380	154	4
843	361	154	4
844	5381	154	4
845	5385	153	4
846	5386	153	4
847	5387	153	4
848	410	153	4
849	411	153	4
850	5388	153	4
851	12	153	4
852	363	153	4
853	5395	153	4
854	5401	153	4
855	393	153	4
856	5407	153	4
857	4527	154	4
858	1919	155	4
859	362	153	4
860	5414	153	4
861	5415	153	4
862	5429	153	4
863	5430	153	4
864	295	151	5
865	344	153	5
866	5444	153	5
867	345	155	5
868	5379	155	5
869	5302	154	5
870	312	154	5
871	4	155	5
872	5295	154	5
873	5445	155	5
874	5446	155	5
875	5447	153	5
876	5342	153	5
877	5270	154	5
878	5256	155	5
879	5383	153	5
880	5448	155	5
881	441	749	5
882	5449	151	5
883	5450	155	5
884	5451	153	5
885	5307	154	5
886	354	153	5
887	5452	153	5
888	5263	153	5
889	5453	155	5
890	5454	153	5
891	5455	155	5
892	356	155	5
893	5261	154	5
894	5456	153	5
895	5257	155	5
896	360	155	5
897	5457	153	5
898	31	154	5
899	5458	153	5
900	5459	155	5
901	5267	154	5
902	303	154	5
903	5460	155	5
904	1296	155	5
905	305	154	5
906	4778	154	5
907	363	153	5
908	5461	154	5
909	5462	153	5
910	5291	151	5
911	5285	155	5
912	5297	153	5
913	5463	155	5
914	366	154	5
915	261	155	5
916	5314	151	5
917	5464	155	5
918	371	155	5
919	5465	153	5
920	372	155	5
921	5466	749	5
922	5467	749	5
923	5402	153	5
924	375	155	5
925	374	155	5
926	218	153	5
927	5468	155	5
928	5469	153	5
929	377	151	5
930	64	151	5
931	335	155	5
932	67	155	5
933	5470	155	5
934	68	153	5
935	5375	155	5
936	5321	154	5
937	5313	154	5
938	5471	153	5
939	309	154	5
940	383	155	5
941	5279	153	5
942	5472	153	5
943	5385	153	5
944	5306	155	5
945	5473	155	5
946	386	153	5
947	5407	153	5
948	5474	153	5
949	390	151	5
950	266	155	5
951	5475	153	5
952	5476	155	5
953	5477	153	5
954	5274	154	5
955	5478	155	5
956	5479	155	5
957	5480	749	5
958	5481	155	5
959	5258	155	5
960	5290	154	5
961	5328	154	5
962	396	153	5
963	5414	153	5
964	230	153	5
965	5300	155	5
966	5482	153	5
967	5317	153	5
968	5308	154	5
969	5483	155	5
970	5484	155	5
971	111	155	5
972	401	155	5
973	5485	153	5
974	5259	155	5
975	5486	153	5
976	5322	154	5
977	122	153	5
978	269	155	5
979	406	155	5
980	340	151	5
981	5384	153	5
982	5277	155	5
983	410	153	5
984	5487	153	5
985	5488	155	5
986	273	155	5
987	5489	155	5
988	275	155	5
989	5490	153	5
990	5491	153	5
991	5492	155	5
992	5273	155	5
993	5493	155	5
994	5494	749	5
995	5495	155	5
996	5318	153	5
997	5496	155	5
998	5406	153	5
999	5497	155	5
1000	5498	155	5
1001	5499	155	5
1002	5500	155	5
1003	5265	153	5
1004	437	155	5
1005	5310	153	5
1006	277	155	5
1007	143	151	5
1008	5378	155	5
1009	5501	155	5
1010	235	153	5
1011	5311	153	5
1012	236	153	5
1013	5502	154	5
1014	237	153	5
1015	5503	153	5
1016	415	155	5
1017	5278	155	5
1018	5504	153	5
1019	416	151	5
1020	5255	153	5
1021	5505	155	5
1022	5320	153	5
1023	5301	155	5
1024	5282	154	5
1025	5506	154	5
1026	5326	151	5
1027	5507	153	5
1028	239	153	5
1029	5508	153	5
1030	5509	155	5
1031	301	151	5
1032	5510	155	5
1033	5511	155	5
1034	419	153	5
1035	5512	155	5
1036	420	151	5
1037	421	155	5
1038	5513	153	5
1039	5514	153	5
1040	5376	155	5
1041	164	155	5
1042	5515	155	5
1043	5516	155	5
1044	422	153	5
1045	5517	153	5
1046	5292	153	5
1047	5519	153	5
1048	280	155	5
1049	5520	155	5
1050	250	153	5
1051	426	153	5
1052	282	155	5
1053	4527	154	5
1054	5268	154	5
1055	5272	153	5
1056	5521	153	5
1057	430	155	5
1058	252	153	5
1059	5415	153	5
1060	5522	153	5
1061	5294	153	5
1062	5523	749	5
1063	5298	153	5
1064	5562	153	5
1065	5766	155	5
1066	5767	155	5
1067	5768	154	5
1068	5388	153	5
1069	5769	153	5
1070	5770	153	5
1071	5771	153	5
1072	5430	153	5
1073	5774	153	5
1074	5775	153	5
1075	5819	151	5
1076	5021	153	5
1077	5865	153	5
1078	5284	153	5
1079	5866	153	5
1080	5867	155	5
1081	5868	155	5
1082	333	151	5
1083	5883	155	5
1084	5886	153	5
1085	5888	155	5
1086	5889	153	5
1087	5316	153	5
1088	5768	154	6
1089	5890	949	6
1090	5891	153	6
1091	5892	949	6
1092	5444	153	6
1093	5893	949	6
1094	345	155	6
1095	5894	155	6
1096	5379	155	6
1097	312	154	6
1098	5895	155	6
1099	4	155	6
1100	346	155	6
1101	5896	948	6
1102	5897	948	6
1103	5445	155	6
1104	5447	153	6
1105	5342	153	6
1106	5270	154	6
1107	5898	948	6
1108	5383	153	6
1109	5899	155	6
1110	5900	948	6
1111	5901	948	6
1112	5902	155	6
1113	5903	155	6
1114	5307	154	6
1115	354	153	6
1116	5453	155	6
1117	5904	949	6
1118	356	155	6
1119	5261	154	6
1120	5456	153	6
1121	5905	948	6
1122	5906	949	6
1123	5907	155	6
1124	5908	948	6
1125	211	153	6
1126	5909	948	6
1127	5459	155	6
1128	303	154	6
1129	5460	155	6
1130	5990	155	6
1131	5910	155	6
1132	5911	153	6
1133	5912	949	6
1134	5913	155	6
1135	1296	155	6
1136	5914	948	6
1137	305	154	6
1138	5915	948	6
1139	4778	154	6
1140	5461	154	6
1141	5462	153	6
1142	5916	948	6
1143	5297	153	6
1144	5917	948	6
1145	366	154	6
1146	5918	153	6
1147	5919	948	6
1148	261	155	6
1149	5920	154	6
1150	216	153	6
1151	5921	949	6
1152	5819	948	6
1153	5922	948	6
1154	5923	949	6
1155	5924	155	6
1156	5925	948	6
1157	5926	153	6
1158	5927	153	6
1159	5402	153	6
1160	5928	948	6
1161	5766	155	6
1162	5929	948	6
1163	5930	948	6
1164	5931	155	6
1165	5932	949	6
1166	5933	949	6
1167	377	948	6
14	5934	154	6
15	5935	949	6
16	68	153	6
17	5936	949	6
1172	5937	155	6
1173	5938	154	6
1174	5321	154	6
1175	5313	154	6
1176	5939	948	6
1177	5433	153	6
1178	5940	948	6
1179	5941	948	6
1180	309	154	6
1181	5279	153	6
1182	5472	153	6
1183	5473	155	6
1184	386	153	6
1185	5942	948	6
1186	5943	948	6
1187	5475	153	6
1188	5476	948	6
1189	5477	153	6
1190	5274	154	6
1191	392	948	6
1192	5944	948	6
1193	5290	154	6
1194	5945	155	6
1195	5300	155	6
1196	5317	153	6
1197	5946	949	6
1198	111	155	6
1199	5947	154	6
1200	5948	154	6
1201	401	155	6
1202	5949	155	6
1203	5950	153	6
1204	5485	153	6
1205	5991	153	6
1206	5992	949	6
1207	5486	153	6
1208	5951	948	6
1209	5322	154	6
1210	122	153	6
1211	5952	949	6
1212	5953	155	6
1213	269	155	6
1214	340	948	6
1215	5384	153	6
1216	5954	949	6
1217	5552	153	6
1218	5955	948	6
1219	5487	153	6
1220	273	155	6
1221	5490	153	6
1222	5956	948	6
1223	5273	155	6
1224	5957	948	6
1225	5495	155	6
1226	5958	948	6
1227	5406	153	6
1228	5959	948	6
1229	5993	949	6
1230	5296	154	6
1231	5960	153	6
1232	5961	155	6
1233	5310	153	6
1234	5962	154	6
1235	5963	948	6
1236	5558	948	6
1237	5501	155	6
1238	5964	948	6
1239	5965	153	6
1240	5966	949	6
1241	5967	948	6
1242	5311	153	6
1243	237	153	6
1244	5968	155	6
1245	5969	155	6
1246	5970	949	6
1247	415	155	6
1248	5505	155	6
1249	5971	155	6
1250	5972	948	6
1251	5301	155	6
1252	5282	154	6
1253	5506	154	6
1254	5507	153	6
1255	5973	949	6
1256	239	153	6
1257	5974	153	6
1258	5437	155	6
1259	5512	155	6
1260	5975	949	6
1261	5976	949	6
1262	5859	155	6
1263	5977	153	6
1264	5513	153	6
1265	5376	155	6
1266	5516	155	6
1267	422	153	6
1268	5978	949	6
1269	5979	153	6
1270	5292	153	6
1271	5980	153	6
1272	5981	153	6
1273	5866	153	6
1274	280	155	6
1275	5520	155	6
1276	5982	155	6
1277	5268	154	6
1278	5272	153	6
1279	5983	949	6
1280	5984	155	6
1281	5985	155	6
1282	5986	948	6
1283	252	153	6
1284	5415	153	6
1285	5987	153	6
1286	5989	153	6
1287	235	153	6
1288	5999	153	6
1289	6003	949	6
1290	6008	155	6
1291	1016	153	6
1292	5255	153	6
1293	410	153	6
1294	6095	948	6
1295	6096	153	6
1296	5508	153	6
1297	5294	153	6
1298	6098	155	6
1299	5446	155	6
1300	6097	155	6
1301	6113	153	6
1302	5469	153	6
1303	6120	155	6
1304	5375	155	6
1305	6124	153	6
1306	6146	1105	7
1307	5768	154	7
1308	5700	155	7
1309	467	153	7
1310	6147	948	7
1311	6148	1105	7
1312	5891	153	7
1313	6149	154	7
1314	6150	1104	7
1315	6151	1104	7
1316	6152	1104	7
1317	6177	1104	7
1318	6178	151	7
1319	312	154	7
1320	6002	153	7
1321	6138	151	7
1322	4	155	7
1323	346	155	7
1324	6179	151	7
1325	6136	153	7
1326	6180	1104	7
1327	6143	1104	7
1328	5897	948	7
1329	6181	155	7
1330	6182	153	7
1331	6079	155	7
1332	5342	153	7
1333	6183	154	7
1334	6184	1104	7
1335	6185	1104	7
1336	6186	1105	7
1337	5903	155	7
1338	5307	154	7
1339	354	153	7
1340	6187	1104	7
1341	6188	154	7
1342	6189	1104	7
1343	5261	154	7
1344	5456	153	7
1345	6190	1104	7
1346	5909	948	7
1347	6074	155	7
1348	5459	1105	7
1349	6191	1105	7
1350	6192	1104	7
1351	303	154	7
1352	5990	155	7
1353	5911	153	7
1354	6193	151	7
1355	5914	948	7
1356	305	154	7
1357	4778	154	7
1358	6139	1104	7
1359	5461	154	7
1360	5462	153	7
1361	5297	153	7
1362	6194	153	7
1363	6141	1105	7
1364	5917	948	7
1365	6142	151	7
1366	6195	1105	7
1367	6196	1104	7
1368	6197	155	7
1369	6198	1105	7
1370	5918	153	7
1371	5919	948	7
1372	5314	151	7
1373	5920	154	7
1374	5921	153	7
1375	5922	948	7
1376	6199	1104	7
1377	6200	153	7
1378	5926	153	7
1379	6113	153	7
1380	5402	153	7
1381	6201	1104	7
1382	6202	1104	7
1383	6203	1104	7
1384	6204	151	7
1385	6205	151	7
1386	5933	1105	7
1387	6206	153	7
1388	377	948	7
1389	6207	151	7
1390	6208	155	7
1391	6209	1104	7
1392	5934	154	7
1393	6210	151	7
1394	68	153	7
1395	6211	1104	7
1396	6140	1104	7
1397	5321	154	7
1398	5313	154	7
1399	5939	948	7
1400	6212	153	7
1401	5433	153	7
1402	5940	948	7
1403	6213	948	7
1404	309	154	7
1405	6214	948	7
1406	5279	153	7
1407	6215	1104	7
1408	6216	948	7
1409	6217	151	7
1410	5943	948	7
1411	6218	1105	7
1412	5476	948	7
1413	392	948	7
1414	6219	1104	7
1415	6220	154	7
1416	5290	154	7
1417	5938	154	7
1418	6221	1104	7
1419	6222	151	7
1420	5269	153	7
1421	5948	154	7
1422	401	155	7
1423	6223	154	7
1424	6176	948	7
1425	5991	153	7
1426	6175	155	7
1427	6174	1104	7
1428	6173	153	7
1429	6105	1105	7
1430	6172	1104	7
1431	6224	154	7
1432	5322	154	7
1433	6225	1104	7
1434	6227	948	7
1435	5955	948	7
1436	6228	154	7
1437	6229	153	7
1438	5487	153	7
1439	6230	1104	7
1440	6231	1104	7
1441	6232	153	7
1442	5490	153	7
1443	67	1104	7
1444	6134	151	7
1445	6233	154	7
1446	5956	948	7
1447	5273	155	7
1448	6234	1105	7
1449	6235	1104	7
1450	5957	948	7
1451	6158	1104	7
1452	5960	153	7
1453	5310	153	7
1454	6226	1104	7
1455	6153	1104	7
1456	5962	154	7
1457	6236	1104	7
1458	5558	948	7
1459	5964	948	7
1460	5965	153	7
1461	5502	154	7
1462	237	153	7
1463	6237	1104	7
1464	5969	155	7
1465	5999	153	7
1466	443	1104	7
1467	6238	153	7
1468	6007	155	7
1469	6145	1105	7
1470	5282	154	7
1471	5506	154	7
1472	5507	153	7
1473	6144	1104	7
1474	5975	1105	7
1475	5513	153	7
1476	6239	153	7
1477	6240	948	7
1478	66	151	7
1479	422	153	7
1480	5979	153	7
1481	6137	948	7
1482	65	154	7
1483	64	1104	7
1484	5980	153	7
1485	5866	153	7
1486	6167	1104	7
1487	6166	1104	7
1488	6165	1104	7
1489	6164	154	7
1490	5268	154	7
1491	5272	153	7
1492	6163	1104	7
1493	6162	1104	7
1494	6161	1104	7
1495	6160	153	7
1496	6159	154	7
1497	5844	155	7
1498	252	153	7
1499	6157	153	7
1500	6156	1104	7
1501	5987	153	7
1502	5989	153	7
1503	6155	153	7
1504	5718	1104	7
1505	6154	948	7
1506	6245	1104	7
1507	6246	1104	7
1508	5447	153	7
1509	6268	153	7
1510	6279	154	7
1511	6280	948	7
1512	5520	155	7
1513	6284	153	7
1514	6288	1104	7
1515	6292	151	7
